{
 "cells": [
  {
   "cell_type": "markdown",
   "metadata": {},
   "source": [
    "<!DOCTYPE html>\n",
    "<html>\n",
    "    <head>\n",
    "        <meta name=\\\"viewport\\\" content=\\\"width=device-width initial-scale=1\\\">\n",
    "        <style>\n",
    "            * {\n",
    "            box-sizing: border-box;\n",
    "            }\n",
    "            .row {\n",
    "            display: flex;\n",
    "            }\n",
    "            .column {\n",
    "            flex: 33.33%;\n",
    "            padding: 5px;\n",
    "            }\n",
    "        </style>\n",
    "    </head>\n",
    "    <body>\n",
    "        <div class=\"row\">\n",
    "            <div class=\"column\">\n",
    "                <img src=\"http://www.lncc.br/images/logo_lncc.png\" alt=\"LNCC\" style=\"width:18%\" align=\"left\">\n",
    "            </div>\n",
    "            <div class=\"column\">\n",
    "                <img src=\"http://dexl.lncc.br/files/logo_dexl_rgb.jpg\" alt=\"Dexl\" style=\"width:22%;margin-left:400px;margin-top:10px\">\n",
    "            </div>\n",
    "            <div class=\"column\">\n",
    "                <img src=\"https://upload.wikimedia.org/wikipedia/pt/7/71/Cnpq-logo.jpg\" alt=\"CENPES\" style=\"width:20%;margin-top:-47px\" align=\"right\">\n",
    "            </div>\n",
    "        </div>\n",
    "        <hr>\n",
    "        <div align=\"middle\">\n",
    "            <h2>Desenvolvimento de Web Apps via SHiny R</h2>\n",
    "            <h3>EAMC 2020</h3>\n",
    "            <h4>Instrutor: Rafael Silva Pereira</h4> \n",
    "        </div>\n",
    "    </body>\n",
    "</html>"
   ]
  },
  {
   "cell_type": "markdown",
   "metadata": {},
   "source": [
    "Neste notebook discutiremos como trabalhar com matrizes na linguagem R, matrizes aqui são representadas apenas com valores numericos, para trabalhar com valores categoricos será nescessario o dataframe\n",
    "\n",
    "As operações e representação de matrizes em R vem da representação em fortran, e o codigo executado por tras das funções é primeiramente compilado do fortran"
   ]
  },
  {
   "cell_type": "code",
   "execution_count": 1,
   "metadata": {},
   "outputs": [
    {
     "data": {
      "text/html": [
       "<table>\n",
       "<tbody>\n",
       "\t<tr><td>0.2062980 </td><td>0.07105296</td><td>0.3568280 </td><td>0.39497012</td><td>0.1719779 </td></tr>\n",
       "\t<tr><td>0.4785952 </td><td>0.62864240</td><td>0.5779136 </td><td>0.01171014</td><td>0.4519881 </td></tr>\n",
       "\t<tr><td>0.6465142 </td><td>0.93443999</td><td>0.6264712 </td><td>0.18829999</td><td>0.2288994 </td></tr>\n",
       "\t<tr><td>0.4130237 </td><td>0.58915634</td><td>0.1817949 </td><td>0.13085540</td><td>0.9905719 </td></tr>\n",
       "\t<tr><td>0.2293365 </td><td>0.80365330</td><td>0.3317414 </td><td>0.57758548</td><td>0.3261001 </td></tr>\n",
       "</tbody>\n",
       "</table>\n"
      ],
      "text/latex": [
       "\\begin{tabular}{lllll}\n",
       "\t 0.2062980  & 0.07105296 & 0.3568280  & 0.39497012 & 0.1719779 \\\\\n",
       "\t 0.4785952  & 0.62864240 & 0.5779136  & 0.01171014 & 0.4519881 \\\\\n",
       "\t 0.6465142  & 0.93443999 & 0.6264712  & 0.18829999 & 0.2288994 \\\\\n",
       "\t 0.4130237  & 0.58915634 & 0.1817949  & 0.13085540 & 0.9905719 \\\\\n",
       "\t 0.2293365  & 0.80365330 & 0.3317414  & 0.57758548 & 0.3261001 \\\\\n",
       "\\end{tabular}\n"
      ],
      "text/markdown": [
       "\n",
       "| 0.2062980  | 0.07105296 | 0.3568280  | 0.39497012 | 0.1719779  |\n",
       "| 0.4785952  | 0.62864240 | 0.5779136  | 0.01171014 | 0.4519881  |\n",
       "| 0.6465142  | 0.93443999 | 0.6264712  | 0.18829999 | 0.2288994  |\n",
       "| 0.4130237  | 0.58915634 | 0.1817949  | 0.13085540 | 0.9905719  |\n",
       "| 0.2293365  | 0.80365330 | 0.3317414  | 0.57758548 | 0.3261001  |\n",
       "\n"
      ],
      "text/plain": [
       "     [,1]      [,2]       [,3]      [,4]       [,5]     \n",
       "[1,] 0.2062980 0.07105296 0.3568280 0.39497012 0.1719779\n",
       "[2,] 0.4785952 0.62864240 0.5779136 0.01171014 0.4519881\n",
       "[3,] 0.6465142 0.93443999 0.6264712 0.18829999 0.2288994\n",
       "[4,] 0.4130237 0.58915634 0.1817949 0.13085540 0.9905719\n",
       "[5,] 0.2293365 0.80365330 0.3317414 0.57758548 0.3261001"
      ]
     },
     "metadata": {},
     "output_type": "display_data"
    }
   ],
   "source": [
    "Matriz=matrix(runif(25),nrow=5,ncol=5)\n",
    "Matriz"
   ]
  },
  {
   "cell_type": "code",
   "execution_count": 2,
   "metadata": {},
   "outputs": [
    {
     "data": {
      "text/html": [
       "<ol class=list-inline>\n",
       "\t<li>5</li>\n",
       "\t<li>5</li>\n",
       "</ol>\n"
      ],
      "text/latex": [
       "\\begin{enumerate*}\n",
       "\\item 5\n",
       "\\item 5\n",
       "\\end{enumerate*}\n"
      ],
      "text/markdown": [
       "1. 5\n",
       "2. 5\n",
       "\n",
       "\n"
      ],
      "text/plain": [
       "[1] 5 5"
      ]
     },
     "metadata": {},
     "output_type": "display_data"
    }
   ],
   "source": [
    "dim(Matriz)"
   ]
  },
  {
   "cell_type": "code",
   "execution_count": 3,
   "metadata": {},
   "outputs": [
    {
     "data": {
      "text/html": [
       "<table>\n",
       "<tbody>\n",
       "\t<tr><td>-0.3331855 </td><td>-1.46937299</td><td> 0.2133370 </td><td> 0.4723753 </td><td>-0.86640024</td></tr>\n",
       "\t<tr><td>-0.3660567 </td><td> 0.34620880</td><td> 1.0899503 </td><td> 2.1276094 </td><td> 0.08650999</td></tr>\n",
       "\t<tr><td> 0.8031619 </td><td>-1.54290719</td><td>-0.4109131 </td><td> 1.5590534 </td><td> 0.31929400</td></tr>\n",
       "\t<tr><td> 0.9651395 </td><td>-0.74764266</td><td>-0.3988072 </td><td>-1.9976332 </td><td> 0.22605472</td></tr>\n",
       "\t<tr><td>-0.5199656 </td><td> 0.07041791</td><td>-0.2385099 </td><td>-0.4343555 </td><td>-0.92754857</td></tr>\n",
       "</tbody>\n",
       "</table>\n"
      ],
      "text/latex": [
       "\\begin{tabular}{lllll}\n",
       "\t -0.3331855  & -1.46937299 &  0.2133370  &  0.4723753  & -0.86640024\\\\\n",
       "\t -0.3660567  &  0.34620880 &  1.0899503  &  2.1276094  &  0.08650999\\\\\n",
       "\t  0.8031619  & -1.54290719 & -0.4109131  &  1.5590534  &  0.31929400\\\\\n",
       "\t  0.9651395  & -0.74764266 & -0.3988072  & -1.9976332  &  0.22605472\\\\\n",
       "\t -0.5199656  &  0.07041791 & -0.2385099  & -0.4343555  & -0.92754857\\\\\n",
       "\\end{tabular}\n"
      ],
      "text/markdown": [
       "\n",
       "| -0.3331855  | -1.46937299 |  0.2133370  |  0.4723753  | -0.86640024 |\n",
       "| -0.3660567  |  0.34620880 |  1.0899503  |  2.1276094  |  0.08650999 |\n",
       "|  0.8031619  | -1.54290719 | -0.4109131  |  1.5590534  |  0.31929400 |\n",
       "|  0.9651395  | -0.74764266 | -0.3988072  | -1.9976332  |  0.22605472 |\n",
       "| -0.5199656  |  0.07041791 | -0.2385099  | -0.4343555  | -0.92754857 |\n",
       "\n"
      ],
      "text/plain": [
       "     [,1]       [,2]        [,3]       [,4]       [,5]       \n",
       "[1,] -0.3331855 -1.46937299  0.2133370  0.4723753 -0.86640024\n",
       "[2,] -0.3660567  0.34620880  1.0899503  2.1276094  0.08650999\n",
       "[3,]  0.8031619 -1.54290719 -0.4109131  1.5590534  0.31929400\n",
       "[4,]  0.9651395 -0.74764266 -0.3988072 -1.9976332  0.22605472\n",
       "[5,] -0.5199656  0.07041791 -0.2385099 -0.4343555 -0.92754857"
      ]
     },
     "metadata": {},
     "output_type": "display_data"
    }
   ],
   "source": [
    "Matriz2=matrix(rnorm(25),nrow=5,ncol=5)\n",
    "Matriz2"
   ]
  },
  {
   "cell_type": "markdown",
   "metadata": {},
   "source": [
    "Como previamente dito, as operações em R são executaveis se podem ser corretamente definidas desde que definida para a estrutura de dados, assim"
   ]
  },
  {
   "cell_type": "code",
   "execution_count": 4,
   "metadata": {},
   "outputs": [
    {
     "data": {
      "text/html": [
       "<table>\n",
       "<tbody>\n",
       "\t<tr><td>-0.1268874 </td><td>-1.3983200 </td><td> 0.57016507</td><td> 0.8673454 </td><td>-0.6944224 </td></tr>\n",
       "\t<tr><td> 0.1125385 </td><td> 0.9748512 </td><td> 1.66786391</td><td> 2.1393196 </td><td> 0.5384981 </td></tr>\n",
       "\t<tr><td> 1.4496761 </td><td>-0.6084672 </td><td> 0.21555810</td><td> 1.7473534 </td><td> 0.5481934 </td></tr>\n",
       "\t<tr><td> 1.3781632 </td><td>-0.1584863 </td><td>-0.21701226</td><td>-1.8667778 </td><td> 1.2166266 </td></tr>\n",
       "\t<tr><td>-0.2906291 </td><td> 0.8740712 </td><td> 0.09323156</td><td> 0.1432299 </td><td>-0.6014485 </td></tr>\n",
       "</tbody>\n",
       "</table>\n"
      ],
      "text/latex": [
       "\\begin{tabular}{lllll}\n",
       "\t -0.1268874  & -1.3983200  &  0.57016507 &  0.8673454  & -0.6944224 \\\\\n",
       "\t  0.1125385  &  0.9748512  &  1.66786391 &  2.1393196  &  0.5384981 \\\\\n",
       "\t  1.4496761  & -0.6084672  &  0.21555810 &  1.7473534  &  0.5481934 \\\\\n",
       "\t  1.3781632  & -0.1584863  & -0.21701226 & -1.8667778  &  1.2166266 \\\\\n",
       "\t -0.2906291  &  0.8740712  &  0.09323156 &  0.1432299  & -0.6014485 \\\\\n",
       "\\end{tabular}\n"
      ],
      "text/markdown": [
       "\n",
       "| -0.1268874  | -1.3983200  |  0.57016507 |  0.8673454  | -0.6944224  |\n",
       "|  0.1125385  |  0.9748512  |  1.66786391 |  2.1393196  |  0.5384981  |\n",
       "|  1.4496761  | -0.6084672  |  0.21555810 |  1.7473534  |  0.5481934  |\n",
       "|  1.3781632  | -0.1584863  | -0.21701226 | -1.8667778  |  1.2166266  |\n",
       "| -0.2906291  |  0.8740712  |  0.09323156 |  0.1432299  | -0.6014485  |\n",
       "\n"
      ],
      "text/plain": [
       "     [,1]       [,2]       [,3]        [,4]       [,5]      \n",
       "[1,] -0.1268874 -1.3983200  0.57016507  0.8673454 -0.6944224\n",
       "[2,]  0.1125385  0.9748512  1.66786391  2.1393196  0.5384981\n",
       "[3,]  1.4496761 -0.6084672  0.21555810  1.7473534  0.5481934\n",
       "[4,]  1.3781632 -0.1584863 -0.21701226 -1.8667778  1.2166266\n",
       "[5,] -0.2906291  0.8740712  0.09323156  0.1432299 -0.6014485"
      ]
     },
     "metadata": {},
     "output_type": "display_data"
    }
   ],
   "source": [
    "#Soma\n",
    "Matriz+Matriz2"
   ]
  },
  {
   "cell_type": "code",
   "execution_count": 5,
   "metadata": {},
   "outputs": [
    {
     "data": {
      "text/html": [
       "<table>\n",
       "<tbody>\n",
       "\t<tr><td> 0.5394835 </td><td>1.5404260  </td><td> 0.1434910 </td><td>-0.07740516</td><td> 1.03837812</td></tr>\n",
       "\t<tr><td> 0.8446518 </td><td>0.2824336  </td><td>-0.5120367 </td><td>-2.11589928</td><td> 0.36547814</td></tr>\n",
       "\t<tr><td>-0.1566476 </td><td>2.4773472  </td><td> 1.0373843 </td><td>-1.37075343</td><td>-0.09039457</td></tr>\n",
       "\t<tr><td>-0.5521158 </td><td>1.3367990  </td><td> 0.5806021 </td><td> 2.12848861</td><td> 0.76451719</td></tr>\n",
       "\t<tr><td> 0.7493020 </td><td>0.7332354  </td><td> 0.5702513 </td><td> 1.01194100</td><td> 1.25364868</td></tr>\n",
       "</tbody>\n",
       "</table>\n"
      ],
      "text/latex": [
       "\\begin{tabular}{lllll}\n",
       "\t  0.5394835  & 1.5404260   &  0.1434910  & -0.07740516 &  1.03837812\\\\\n",
       "\t  0.8446518  & 0.2824336   & -0.5120367  & -2.11589928 &  0.36547814\\\\\n",
       "\t -0.1566476  & 2.4773472   &  1.0373843  & -1.37075343 & -0.09039457\\\\\n",
       "\t -0.5521158  & 1.3367990   &  0.5806021  &  2.12848861 &  0.76451719\\\\\n",
       "\t  0.7493020  & 0.7332354   &  0.5702513  &  1.01194100 &  1.25364868\\\\\n",
       "\\end{tabular}\n"
      ],
      "text/markdown": [
       "\n",
       "|  0.5394835  | 1.5404260   |  0.1434910  | -0.07740516 |  1.03837812 |\n",
       "|  0.8446518  | 0.2824336   | -0.5120367  | -2.11589928 |  0.36547814 |\n",
       "| -0.1566476  | 2.4773472   |  1.0373843  | -1.37075343 | -0.09039457 |\n",
       "| -0.5521158  | 1.3367990   |  0.5806021  |  2.12848861 |  0.76451719 |\n",
       "|  0.7493020  | 0.7332354   |  0.5702513  |  1.01194100 |  1.25364868 |\n",
       "\n"
      ],
      "text/plain": [
       "     [,1]       [,2]      [,3]       [,4]        [,5]       \n",
       "[1,]  0.5394835 1.5404260  0.1434910 -0.07740516  1.03837812\n",
       "[2,]  0.8446518 0.2824336 -0.5120367 -2.11589928  0.36547814\n",
       "[3,] -0.1566476 2.4773472  1.0373843 -1.37075343 -0.09039457\n",
       "[4,] -0.5521158 1.3367990  0.5806021  2.12848861  0.76451719\n",
       "[5,]  0.7493020 0.7332354  0.5702513  1.01194100  1.25364868"
      ]
     },
     "metadata": {},
     "output_type": "display_data"
    }
   ],
   "source": [
    "#Subtração\n",
    "Matriz-Matriz2"
   ]
  },
  {
   "cell_type": "code",
   "execution_count": 6,
   "metadata": {},
   "outputs": [
    {
     "data": {
      "text/html": [
       "<table>\n",
       "<tbody>\n",
       "\t<tr><td>-0.0687355 </td><td>-0.10440330</td><td> 0.07612464</td><td> 0.18657412</td><td>-0.14900168</td></tr>\n",
       "\t<tr><td>-0.1751929 </td><td> 0.21764153</td><td> 0.62989712</td><td> 0.02491461</td><td> 0.03910149</td></tr>\n",
       "\t<tr><td> 0.5192556 </td><td>-1.44175418</td><td>-0.25742521</td><td> 0.29356974</td><td> 0.07308621</td></tr>\n",
       "\t<tr><td> 0.3986255 </td><td>-0.44047841</td><td>-0.07250112</td><td>-0.26140109</td><td> 0.22392346</td></tr>\n",
       "\t<tr><td>-0.1192471 </td><td> 0.05659158</td><td>-0.07912360</td><td>-0.25087744</td><td>-0.30247369</td></tr>\n",
       "</tbody>\n",
       "</table>\n"
      ],
      "text/latex": [
       "\\begin{tabular}{lllll}\n",
       "\t -0.0687355  & -0.10440330 &  0.07612464 &  0.18657412 & -0.14900168\\\\\n",
       "\t -0.1751929  &  0.21764153 &  0.62989712 &  0.02491461 &  0.03910149\\\\\n",
       "\t  0.5192556  & -1.44175418 & -0.25742521 &  0.29356974 &  0.07308621\\\\\n",
       "\t  0.3986255  & -0.44047841 & -0.07250112 & -0.26140109 &  0.22392346\\\\\n",
       "\t -0.1192471  &  0.05659158 & -0.07912360 & -0.25087744 & -0.30247369\\\\\n",
       "\\end{tabular}\n"
      ],
      "text/markdown": [
       "\n",
       "| -0.0687355  | -0.10440330 |  0.07612464 |  0.18657412 | -0.14900168 |\n",
       "| -0.1751929  |  0.21764153 |  0.62989712 |  0.02491461 |  0.03910149 |\n",
       "|  0.5192556  | -1.44175418 | -0.25742521 |  0.29356974 |  0.07308621 |\n",
       "|  0.3986255  | -0.44047841 | -0.07250112 | -0.26140109 |  0.22392346 |\n",
       "| -0.1192471  |  0.05659158 | -0.07912360 | -0.25087744 | -0.30247369 |\n",
       "\n"
      ],
      "text/plain": [
       "     [,1]       [,2]        [,3]        [,4]        [,5]       \n",
       "[1,] -0.0687355 -0.10440330  0.07612464  0.18657412 -0.14900168\n",
       "[2,] -0.1751929  0.21764153  0.62989712  0.02491461  0.03910149\n",
       "[3,]  0.5192556 -1.44175418 -0.25742521  0.29356974  0.07308621\n",
       "[4,]  0.3986255 -0.44047841 -0.07250112 -0.26140109  0.22392346\n",
       "[5,] -0.1192471  0.05659158 -0.07912360 -0.25087744 -0.30247369"
      ]
     },
     "metadata": {},
     "output_type": "display_data"
    }
   ],
   "source": [
    "#Produto Tensorial\n",
    "Matriz*Matriz2"
   ]
  },
  {
   "cell_type": "code",
   "execution_count": 7,
   "metadata": {},
   "outputs": [
    {
     "data": {
      "text/html": [
       "<table>\n",
       "<tbody>\n",
       "\t<tr><td> 0.48362444</td><td>-1.1122683 </td><td>-0.2237055 </td><td>-0.05876798</td><td>-0.1288898 </td></tr>\n",
       "\t<tr><td>-0.14913784</td><td>-1.3541873 </td><td> 0.4373451 </td><td> 2.24486412</td><td>-0.5923406 </td></tr>\n",
       "\t<tr><td> 0.00840659</td><td>-1.7177086 </td><td> 0.7693032 </td><td> 2.79464467</td><td>-0.4490224 </td></tr>\n",
       "\t<tr><td>-0.59603688</td><td>-0.7114865 </td><td> 0.3671152 </td><td> 1.04036328</td><td>-1.1380529 </td></tr>\n",
       "\t<tr><td> 0.28373756</td><td>-0.9794595 </td><td> 0.4804279 </td><td> 1.03994850</td><td>-0.1951579 </td></tr>\n",
       "</tbody>\n",
       "</table>\n"
      ],
      "text/latex": [
       "\\begin{tabular}{lllll}\n",
       "\t  0.48362444 & -1.1122683  & -0.2237055  & -0.05876798 & -0.1288898 \\\\\n",
       "\t -0.14913784 & -1.3541873  &  0.4373451  &  2.24486412 & -0.5923406 \\\\\n",
       "\t  0.00840659 & -1.7177086  &  0.7693032  &  2.79464467 & -0.4490224 \\\\\n",
       "\t -0.59603688 & -0.7114865  &  0.3671152  &  1.04036328 & -1.1380529 \\\\\n",
       "\t  0.28373756 & -0.9794595  &  0.4804279  &  1.03994850 & -0.1951579 \\\\\n",
       "\\end{tabular}\n"
      ],
      "text/markdown": [
       "\n",
       "|  0.48362444 | -1.1122683  | -0.2237055  | -0.05876798 | -0.1288898  |\n",
       "| -0.14913784 | -1.3541873  |  0.4373451  |  2.24486412 | -0.5923406  |\n",
       "|  0.00840659 | -1.7177086  |  0.7693032  |  2.79464467 | -0.4490224  |\n",
       "| -0.59603688 | -0.7114865  |  0.3671152  |  1.04036328 | -1.1380529  |\n",
       "|  0.28373756 | -0.9794595  |  0.4804279  |  1.03994850 | -0.1951579  |\n",
       "\n"
      ],
      "text/plain": [
       "     [,1]        [,2]       [,3]       [,4]        [,5]      \n",
       "[1,]  0.48362444 -1.1122683 -0.2237055 -0.05876798 -0.1288898\n",
       "[2,] -0.14913784 -1.3541873  0.4373451  2.24486412 -0.5923406\n",
       "[3,]  0.00840659 -1.7177086  0.7693032  2.79464467 -0.4490224\n",
       "[4,] -0.59603688 -0.7114865  0.3671152  1.04036328 -1.1380529\n",
       "[5,]  0.28373756 -0.9794595  0.4804279  1.03994850 -0.1951579"
      ]
     },
     "metadata": {},
     "output_type": "display_data"
    }
   ],
   "source": [
    "#Produto de matrizes\n",
    "Matriz %*% Matriz2"
   ]
  },
  {
   "cell_type": "code",
   "execution_count": 8,
   "metadata": {},
   "outputs": [
    {
     "data": {
      "text/html": [
       "-0.0894984893658314"
      ],
      "text/latex": [
       "-0.0894984893658314"
      ],
      "text/markdown": [
       "-0.0894984893658314"
      ],
      "text/plain": [
       "[1] -0.08949849"
      ]
     },
     "metadata": {},
     "output_type": "display_data"
    }
   ],
   "source": [
    "#Determinante do produto\n",
    "det(Matriz %*% Matriz2)"
   ]
  },
  {
   "cell_type": "code",
   "execution_count": 9,
   "metadata": {},
   "outputs": [
    {
     "data": {
      "text/html": [
       "<table>\n",
       "<tbody>\n",
       "\t<tr><td>0.20629802</td><td>0.47859518</td><td>0.6465142 </td><td>0.4130237 </td><td>0.2293365 </td></tr>\n",
       "\t<tr><td>0.07105296</td><td>0.62864240</td><td>0.9344400 </td><td>0.5891563 </td><td>0.8036533 </td></tr>\n",
       "\t<tr><td>0.35682803</td><td>0.57791362</td><td>0.6264712 </td><td>0.1817949 </td><td>0.3317414 </td></tr>\n",
       "\t<tr><td>0.39497012</td><td>0.01171014</td><td>0.1883000 </td><td>0.1308554 </td><td>0.5775855 </td></tr>\n",
       "\t<tr><td>0.17197789</td><td>0.45198813</td><td>0.2288994 </td><td>0.9905719 </td><td>0.3261001 </td></tr>\n",
       "</tbody>\n",
       "</table>\n"
      ],
      "text/latex": [
       "\\begin{tabular}{lllll}\n",
       "\t 0.20629802 & 0.47859518 & 0.6465142  & 0.4130237  & 0.2293365 \\\\\n",
       "\t 0.07105296 & 0.62864240 & 0.9344400  & 0.5891563  & 0.8036533 \\\\\n",
       "\t 0.35682803 & 0.57791362 & 0.6264712  & 0.1817949  & 0.3317414 \\\\\n",
       "\t 0.39497012 & 0.01171014 & 0.1883000  & 0.1308554  & 0.5775855 \\\\\n",
       "\t 0.17197789 & 0.45198813 & 0.2288994  & 0.9905719  & 0.3261001 \\\\\n",
       "\\end{tabular}\n"
      ],
      "text/markdown": [
       "\n",
       "| 0.20629802 | 0.47859518 | 0.6465142  | 0.4130237  | 0.2293365  |\n",
       "| 0.07105296 | 0.62864240 | 0.9344400  | 0.5891563  | 0.8036533  |\n",
       "| 0.35682803 | 0.57791362 | 0.6264712  | 0.1817949  | 0.3317414  |\n",
       "| 0.39497012 | 0.01171014 | 0.1883000  | 0.1308554  | 0.5775855  |\n",
       "| 0.17197789 | 0.45198813 | 0.2288994  | 0.9905719  | 0.3261001  |\n",
       "\n"
      ],
      "text/plain": [
       "     [,1]       [,2]       [,3]      [,4]      [,5]     \n",
       "[1,] 0.20629802 0.47859518 0.6465142 0.4130237 0.2293365\n",
       "[2,] 0.07105296 0.62864240 0.9344400 0.5891563 0.8036533\n",
       "[3,] 0.35682803 0.57791362 0.6264712 0.1817949 0.3317414\n",
       "[4,] 0.39497012 0.01171014 0.1883000 0.1308554 0.5775855\n",
       "[5,] 0.17197789 0.45198813 0.2288994 0.9905719 0.3261001"
      ]
     },
     "metadata": {},
     "output_type": "display_data"
    }
   ],
   "source": [
    "#Transposta da matriz\n",
    "t(Matriz)"
   ]
  },
  {
   "cell_type": "code",
   "execution_count": 10,
   "metadata": {},
   "outputs": [],
   "source": [
    "# Alem disto podemos calcular a matriz inversa ou resolver um sistema linear Ax=b"
   ]
  },
  {
   "cell_type": "code",
   "execution_count": 11,
   "metadata": {},
   "outputs": [
    {
     "data": {
      "text/html": [
       "<table>\n",
       "<tbody>\n",
       "\t<tr><td>-1.8004077</td><td> 8.864221 </td><td>-9.061246 </td><td>-2.0660392</td><td> 7.1807573</td></tr>\n",
       "\t<tr><td>-1.7301453</td><td> 5.288265 </td><td>-5.183702 </td><td>-1.1174404</td><td> 3.5348249</td></tr>\n",
       "\t<tr><td>-0.2539109</td><td>-4.444445 </td><td> 3.050953 </td><td> 1.0881625</td><td> 0.2921692</td></tr>\n",
       "\t<tr><td>-0.7923567</td><td> 3.445835 </td><td>-2.578269 </td><td>-0.9129307</td><td> 1.3203806</td></tr>\n",
       "\t<tr><td> 1.2183362</td><td>-6.232254 </td><td> 6.613652 </td><td> 0.4184171</td><td>-4.6694146</td></tr>\n",
       "</tbody>\n",
       "</table>\n"
      ],
      "text/latex": [
       "\\begin{tabular}{lllll}\n",
       "\t -1.8004077 &  8.864221  & -9.061246  & -2.0660392 &  7.1807573\\\\\n",
       "\t -1.7301453 &  5.288265  & -5.183702  & -1.1174404 &  3.5348249\\\\\n",
       "\t -0.2539109 & -4.444445  &  3.050953  &  1.0881625 &  0.2921692\\\\\n",
       "\t -0.7923567 &  3.445835  & -2.578269  & -0.9129307 &  1.3203806\\\\\n",
       "\t  1.2183362 & -6.232254  &  6.613652  &  0.4184171 & -4.6694146\\\\\n",
       "\\end{tabular}\n"
      ],
      "text/markdown": [
       "\n",
       "| -1.8004077 |  8.864221  | -9.061246  | -2.0660392 |  7.1807573 |\n",
       "| -1.7301453 |  5.288265  | -5.183702  | -1.1174404 |  3.5348249 |\n",
       "| -0.2539109 | -4.444445  |  3.050953  |  1.0881625 |  0.2921692 |\n",
       "| -0.7923567 |  3.445835  | -2.578269  | -0.9129307 |  1.3203806 |\n",
       "|  1.2183362 | -6.232254  |  6.613652  |  0.4184171 | -4.6694146 |\n",
       "\n"
      ],
      "text/plain": [
       "     [,1]       [,2]      [,3]      [,4]       [,5]      \n",
       "[1,] -1.8004077  8.864221 -9.061246 -2.0660392  7.1807573\n",
       "[2,] -1.7301453  5.288265 -5.183702 -1.1174404  3.5348249\n",
       "[3,] -0.2539109 -4.444445  3.050953  1.0881625  0.2921692\n",
       "[4,] -0.7923567  3.445835 -2.578269 -0.9129307  1.3203806\n",
       "[5,]  1.2183362 -6.232254  6.613652  0.4184171 -4.6694146"
      ]
     },
     "metadata": {},
     "output_type": "display_data"
    }
   ],
   "source": [
    "Inversa=solve(Matriz %*% Matriz2)\n",
    "Inversa"
   ]
  },
  {
   "cell_type": "code",
   "execution_count": 12,
   "metadata": {},
   "outputs": [
    {
     "data": {
      "text/html": [
       "<table>\n",
       "<tbody>\n",
       "\t<tr><td> 1.000000e+00</td><td> 8.243406e-15</td><td>-4.274359e-15</td><td>-6.994405e-15</td><td> 1.554312e-15</td></tr>\n",
       "\t<tr><td>-1.665335e-16</td><td> 1.000000e+00</td><td>-1.859624e-15</td><td>-1.720846e-15</td><td>-2.220446e-16</td></tr>\n",
       "\t<tr><td>-2.914335e-16</td><td> 4.763551e-15</td><td> 1.000000e+00</td><td>-6.258882e-15</td><td> 1.443290e-15</td></tr>\n",
       "\t<tr><td> 2.775558e-16</td><td> 1.422473e-16</td><td>-8.049117e-16</td><td> 1.000000e+00</td><td>-1.110223e-16</td></tr>\n",
       "\t<tr><td> 0.000000e+00</td><td>-3.330669e-15</td><td> 2.553513e-15</td><td> 1.665335e-15</td><td> 1.000000e+00</td></tr>\n",
       "</tbody>\n",
       "</table>\n"
      ],
      "text/latex": [
       "\\begin{tabular}{lllll}\n",
       "\t  1.000000e+00 &  8.243406e-15 & -4.274359e-15 & -6.994405e-15 &  1.554312e-15\\\\\n",
       "\t -1.665335e-16 &  1.000000e+00 & -1.859624e-15 & -1.720846e-15 & -2.220446e-16\\\\\n",
       "\t -2.914335e-16 &  4.763551e-15 &  1.000000e+00 & -6.258882e-15 &  1.443290e-15\\\\\n",
       "\t  2.775558e-16 &  1.422473e-16 & -8.049117e-16 &  1.000000e+00 & -1.110223e-16\\\\\n",
       "\t  0.000000e+00 & -3.330669e-15 &  2.553513e-15 &  1.665335e-15 &  1.000000e+00\\\\\n",
       "\\end{tabular}\n"
      ],
      "text/markdown": [
       "\n",
       "|  1.000000e+00 |  8.243406e-15 | -4.274359e-15 | -6.994405e-15 |  1.554312e-15 |\n",
       "| -1.665335e-16 |  1.000000e+00 | -1.859624e-15 | -1.720846e-15 | -2.220446e-16 |\n",
       "| -2.914335e-16 |  4.763551e-15 |  1.000000e+00 | -6.258882e-15 |  1.443290e-15 |\n",
       "|  2.775558e-16 |  1.422473e-16 | -8.049117e-16 |  1.000000e+00 | -1.110223e-16 |\n",
       "|  0.000000e+00 | -3.330669e-15 |  2.553513e-15 |  1.665335e-15 |  1.000000e+00 |\n",
       "\n"
      ],
      "text/plain": [
       "     [,1]          [,2]          [,3]          [,4]          [,5]         \n",
       "[1,]  1.000000e+00  8.243406e-15 -4.274359e-15 -6.994405e-15  1.554312e-15\n",
       "[2,] -1.665335e-16  1.000000e+00 -1.859624e-15 -1.720846e-15 -2.220446e-16\n",
       "[3,] -2.914335e-16  4.763551e-15  1.000000e+00 -6.258882e-15  1.443290e-15\n",
       "[4,]  2.775558e-16  1.422473e-16 -8.049117e-16  1.000000e+00 -1.110223e-16\n",
       "[5,]  0.000000e+00 -3.330669e-15  2.553513e-15  1.665335e-15  1.000000e+00"
      ]
     },
     "metadata": {},
     "output_type": "display_data"
    }
   ],
   "source": [
    "Identidade=Inversa %*% Matriz %*% Matriz2\n",
    "Identidade"
   ]
  },
  {
   "cell_type": "markdown",
   "metadata": {},
   "source": [
    "Vemos que esta é a matriz identidade, podemos gerar um vetor B então para calcular Ax=B"
   ]
  },
  {
   "cell_type": "code",
   "execution_count": 13,
   "metadata": {},
   "outputs": [
    {
     "data": {
      "text/html": [
       "<ol class=list-inline>\n",
       "\t<li>0.324772902129495</li>\n",
       "\t<li>0.820847341748786</li>\n",
       "\t<li>1.11039901767534</li>\n",
       "\t<li>0.122202243604993</li>\n",
       "\t<li>0.895125556074294</li>\n",
       "</ol>\n"
      ],
      "text/latex": [
       "\\begin{enumerate*}\n",
       "\\item 0.324772902129495\n",
       "\\item 0.820847341748786\n",
       "\\item 1.11039901767534\n",
       "\\item 0.122202243604993\n",
       "\\item 0.895125556074294\n",
       "\\end{enumerate*}\n"
      ],
      "text/markdown": [
       "1. 0.324772902129495\n",
       "2. 0.820847341748786\n",
       "3. 1.11039901767534\n",
       "4. 0.122202243604993\n",
       "5. 0.895125556074294\n",
       "\n",
       "\n"
      ],
      "text/plain": [
       "[1] 0.3247729 0.8208473 1.1103990 0.1222022 0.8951256"
      ]
     },
     "metadata": {},
     "output_type": "display_data"
    }
   ],
   "source": [
    "B=rexp(5,3)\n",
    "B"
   ]
  },
  {
   "cell_type": "code",
   "execution_count": 14,
   "metadata": {},
   "outputs": [],
   "source": [
    "x=solve(Matriz %*% Matriz2,B)"
   ]
  },
  {
   "cell_type": "code",
   "execution_count": 15,
   "metadata": {},
   "outputs": [],
   "source": [
    "Erro=Matriz %*% Matriz2 %*% x -B"
   ]
  },
  {
   "cell_type": "code",
   "execution_count": 16,
   "metadata": {},
   "outputs": [
    {
     "data": {
      "text/html": [
       "<table>\n",
       "<tbody>\n",
       "\t<tr><td>6.661338e-16</td></tr>\n",
       "\t<tr><td>4.440892e-16</td></tr>\n",
       "\t<tr><td>0.000000e+00</td></tr>\n",
       "\t<tr><td>2.498002e-16</td></tr>\n",
       "\t<tr><td>3.330669e-16</td></tr>\n",
       "</tbody>\n",
       "</table>\n"
      ],
      "text/latex": [
       "\\begin{tabular}{l}\n",
       "\t 6.661338e-16\\\\\n",
       "\t 4.440892e-16\\\\\n",
       "\t 0.000000e+00\\\\\n",
       "\t 2.498002e-16\\\\\n",
       "\t 3.330669e-16\\\\\n",
       "\\end{tabular}\n"
      ],
      "text/markdown": [
       "\n",
       "| 6.661338e-16 |\n",
       "| 4.440892e-16 |\n",
       "| 0.000000e+00 |\n",
       "| 2.498002e-16 |\n",
       "| 3.330669e-16 |\n",
       "\n"
      ],
      "text/plain": [
       "     [,1]        \n",
       "[1,] 6.661338e-16\n",
       "[2,] 4.440892e-16\n",
       "[3,] 0.000000e+00\n",
       "[4,] 2.498002e-16\n",
       "[5,] 3.330669e-16"
      ]
     },
     "metadata": {},
     "output_type": "display_data"
    }
   ],
   "source": [
    "Erro"
   ]
  },
  {
   "cell_type": "code",
   "execution_count": 17,
   "metadata": {},
   "outputs": [
    {
     "data": {
      "text/html": [
       "1.62856636097385e-31"
      ],
      "text/latex": [
       "1.62856636097385e-31"
      ],
      "text/markdown": [
       "1.62856636097385e-31"
      ],
      "text/plain": [
       "[1] 1.628566e-31"
      ]
     },
     "metadata": {},
     "output_type": "display_data"
    }
   ],
   "source": [
    "mean(Erro^2)"
   ]
  },
  {
   "cell_type": "markdown",
   "metadata": {},
   "source": [
    "Observamos que o metodo obtem otimos resultados mesmo com valores aleatorios, mostramos que ele é escalavel utilizando uma matriz 1000 x 1000 aleatoria"
   ]
  },
  {
   "cell_type": "code",
   "execution_count": 18,
   "metadata": {},
   "outputs": [],
   "source": [
    "A=matrix(rnorm(1e6,5,3),1e3,1e3)\n",
    "B=runif(1e3,-5,5)\n",
    "x=solve(A,B)"
   ]
  },
  {
   "cell_type": "code",
   "execution_count": 19,
   "metadata": {},
   "outputs": [],
   "source": [
    "Erro=A %*%x -B"
   ]
  },
  {
   "cell_type": "code",
   "execution_count": 20,
   "metadata": {},
   "outputs": [
    {
     "data": {
      "text/html": [
       "3.21476789078556e-22"
      ],
      "text/latex": [
       "3.21476789078556e-22"
      ],
      "text/markdown": [
       "3.21476789078556e-22"
      ],
      "text/plain": [
       "[1] 3.214768e-22"
      ]
     },
     "metadata": {},
     "output_type": "display_data"
    }
   ],
   "source": [
    "mean(Erro^2)"
   ]
  },
  {
   "cell_type": "markdown",
   "metadata": {},
   "source": [
    "Mesmo com uma matriz 1000x1000 gerada aleatoriamente, vemos que a solução alem de rapida tem otimos resultados"
   ]
  },
  {
   "cell_type": "markdown",
   "metadata": {},
   "source": [
    "Podemos testar o gerador calculando a correlação de pearson desta matriz de numeros aleatorios por"
   ]
  },
  {
   "cell_type": "code",
   "execution_count": 21,
   "metadata": {},
   "outputs": [
    {
     "data": {
      "text/html": [
       "0.00199681104663772"
      ],
      "text/latex": [
       "0.00199681104663772"
      ],
      "text/markdown": [
       "0.00199681104663772"
      ],
      "text/plain": [
       "[1] 0.001996811"
      ]
     },
     "metadata": {},
     "output_type": "display_data"
    }
   ],
   "source": [
    "correlação=cor(A)\n",
    "mean(correlação^2)"
   ]
  },
  {
   "cell_type": "markdown",
   "metadata": {},
   "source": [
    "Onde valores proximos de 0 significa que o gerador é bom ja que as variaveis aleatorias devem ser descorrelacionadas\n",
    "\n",
    "Alem disto matrizes podem aplicar algumas funções sobre linhas ou colunas, por exemplo"
   ]
  },
  {
   "cell_type": "code",
   "execution_count": 22,
   "metadata": {},
   "outputs": [
    {
     "data": {
      "text/html": [
       "<ol class=list-inline>\n",
       "\t<li>4.88888204332011</li>\n",
       "\t<li>5.19233976392501</li>\n",
       "\t<li>5.14673833552051</li>\n",
       "\t<li>5.06000587235133</li>\n",
       "\t<li>4.86566639462541</li>\n",
       "\t<li>4.99638843581752</li>\n",
       "\t<li>4.89775640312116</li>\n",
       "\t<li>4.94213965847573</li>\n",
       "\t<li>5.04258806199921</li>\n",
       "\t<li>4.84681951247871</li>\n",
       "\t<li>4.83588039716665</li>\n",
       "\t<li>5.03648829175282</li>\n",
       "\t<li>4.81750764875327</li>\n",
       "\t<li>4.75805780714392</li>\n",
       "\t<li>5.03913457686165</li>\n",
       "\t<li>4.98640494204482</li>\n",
       "\t<li>5.08122014564794</li>\n",
       "\t<li>5.00026074975283</li>\n",
       "\t<li>5.03252244081117</li>\n",
       "\t<li>5.12027723022826</li>\n",
       "\t<li>4.98367613570642</li>\n",
       "\t<li>5.10669300156477</li>\n",
       "\t<li>5.12561177990634</li>\n",
       "\t<li>4.99671088585132</li>\n",
       "\t<li>5.15486338720439</li>\n",
       "\t<li>5.08767182388506</li>\n",
       "\t<li>4.96957204419156</li>\n",
       "\t<li>4.86014770872108</li>\n",
       "\t<li>5.00257316656967</li>\n",
       "\t<li>5.02456935943139</li>\n",
       "\t<li>4.93933585931539</li>\n",
       "\t<li>4.96511576590543</li>\n",
       "\t<li>4.86011476724266</li>\n",
       "\t<li>5.06366540592628</li>\n",
       "\t<li>5.03384580178868</li>\n",
       "\t<li>5.01516654225916</li>\n",
       "\t<li>4.97434537687148</li>\n",
       "\t<li>5.00648658327307</li>\n",
       "\t<li>5.06348553395153</li>\n",
       "\t<li>5.19065444084605</li>\n",
       "\t<li>4.98826155269145</li>\n",
       "\t<li>5.07946057332245</li>\n",
       "\t<li>5.08900051560423</li>\n",
       "\t<li>5.13732157930629</li>\n",
       "\t<li>4.81978626866866</li>\n",
       "\t<li>4.98323157313495</li>\n",
       "\t<li>4.8823206892</li>\n",
       "\t<li>5.0512086174973</li>\n",
       "\t<li>5.10746977111353</li>\n",
       "\t<li>4.86831156281222</li>\n",
       "\t<li>5.23609191908725</li>\n",
       "\t<li>4.79209999706549</li>\n",
       "\t<li>4.86202103347412</li>\n",
       "\t<li>5.06955731370089</li>\n",
       "\t<li>5.08796754869501</li>\n",
       "\t<li>5.1320744344147</li>\n",
       "\t<li>4.93188861792468</li>\n",
       "\t<li>5.13368871419297</li>\n",
       "\t<li>4.99026291848059</li>\n",
       "\t<li>4.91032731746014</li>\n",
       "\t<li>4.77870022352592</li>\n",
       "\t<li>5.09946493136638</li>\n",
       "\t<li>5.06767635027179</li>\n",
       "\t<li>5.13797049671593</li>\n",
       "\t<li>4.98928709723739</li>\n",
       "\t<li>5.11399899626919</li>\n",
       "\t<li>5.1229584082292</li>\n",
       "\t<li>5.05875159240128</li>\n",
       "\t<li>4.94245169377444</li>\n",
       "\t<li>5.18347826490584</li>\n",
       "\t<li>4.90038085511557</li>\n",
       "\t<li>5.0107057449617</li>\n",
       "\t<li>5.0207025950806</li>\n",
       "\t<li>4.9054652814735</li>\n",
       "\t<li>4.83045660556172</li>\n",
       "\t<li>4.86807622273277</li>\n",
       "\t<li>4.9092626786894</li>\n",
       "\t<li>5.13478587636499</li>\n",
       "\t<li>5.04659333573438</li>\n",
       "\t<li>5.00482467714247</li>\n",
       "\t<li>4.99742781327693</li>\n",
       "\t<li>4.97044281051314</li>\n",
       "\t<li>4.90590271744511</li>\n",
       "\t<li>4.98579437602504</li>\n",
       "\t<li>5.04649026569777</li>\n",
       "\t<li>5.06270032778171</li>\n",
       "\t<li>5.03899999000757</li>\n",
       "\t<li>4.98506908791869</li>\n",
       "\t<li>5.07164899427158</li>\n",
       "\t<li>4.97542460576808</li>\n",
       "\t<li>5.09774791304366</li>\n",
       "\t<li>4.82625939173342</li>\n",
       "\t<li>5.06594275235775</li>\n",
       "\t<li>4.93762757683059</li>\n",
       "\t<li>4.95013007249571</li>\n",
       "\t<li>4.98112644462062</li>\n",
       "\t<li>5.10398150781712</li>\n",
       "\t<li>4.95977726493122</li>\n",
       "\t<li>5.05761789411584</li>\n",
       "\t<li>5.18500380590239</li>\n",
       "\t<li>5.07745961512216</li>\n",
       "\t<li>4.97721160927149</li>\n",
       "\t<li>4.88382561815885</li>\n",
       "\t<li>5.17656892878797</li>\n",
       "\t<li>5.0162743208907</li>\n",
       "\t<li>4.91006156396239</li>\n",
       "\t<li>5.02419379285325</li>\n",
       "\t<li>4.96155745021236</li>\n",
       "\t<li>5.15559120359631</li>\n",
       "\t<li>5.02149949635336</li>\n",
       "\t<li>5.05358823165948</li>\n",
       "\t<li>4.9964864960153</li>\n",
       "\t<li>4.9320153461066</li>\n",
       "\t<li>4.99894339638194</li>\n",
       "\t<li>5.10554788447373</li>\n",
       "\t<li>4.90137705608875</li>\n",
       "\t<li>4.97082567379352</li>\n",
       "\t<li>5.07608419262184</li>\n",
       "\t<li>5.0093696616127</li>\n",
       "\t<li>4.97039084345644</li>\n",
       "\t<li>4.96729387223453</li>\n",
       "\t<li>4.98060736099057</li>\n",
       "\t<li>4.74751355060082</li>\n",
       "\t<li>4.94660410731668</li>\n",
       "\t<li>4.95001779386528</li>\n",
       "\t<li>4.89344643100517</li>\n",
       "\t<li>4.93791575193526</li>\n",
       "\t<li>4.96632427318077</li>\n",
       "\t<li>4.96737554618651</li>\n",
       "\t<li>4.97939415959239</li>\n",
       "\t<li>5.05707448862151</li>\n",
       "\t<li>4.99946745773017</li>\n",
       "\t<li>4.96335429260072</li>\n",
       "\t<li>4.94220698016099</li>\n",
       "\t<li>5.03196556098055</li>\n",
       "\t<li>4.98729217393045</li>\n",
       "\t<li>5.0194485225963</li>\n",
       "\t<li>4.90929736582438</li>\n",
       "\t<li>5.14218781785316</li>\n",
       "\t<li>4.95967014822771</li>\n",
       "\t<li>5.08470260061502</li>\n",
       "\t<li>5.02390817976063</li>\n",
       "\t<li>4.99407065106735</li>\n",
       "\t<li>4.92007337189066</li>\n",
       "\t<li>4.93876442831734</li>\n",
       "\t<li>4.9442450293246</li>\n",
       "\t<li>4.99404172797137</li>\n",
       "\t<li>4.8079743992444</li>\n",
       "\t<li>4.9861074127433</li>\n",
       "\t<li>4.89933941053742</li>\n",
       "\t<li>4.92358915268378</li>\n",
       "\t<li>5.01401484807051</li>\n",
       "\t<li>5.05666087249768</li>\n",
       "\t<li>5.09392035542399</li>\n",
       "\t<li>4.98006978795355</li>\n",
       "\t<li>5.0682846494619</li>\n",
       "\t<li>4.86350658762906</li>\n",
       "\t<li>5.02027716631022</li>\n",
       "\t<li>5.16257436583126</li>\n",
       "\t<li>5.00559137535773</li>\n",
       "\t<li>5.29947022549111</li>\n",
       "\t<li>4.92636330204536</li>\n",
       "\t<li>5.08647127211054</li>\n",
       "\t<li>5.19377593089612</li>\n",
       "\t<li>4.87392446057189</li>\n",
       "\t<li>4.97234299403333</li>\n",
       "\t<li>5.03642203287532</li>\n",
       "\t<li>4.99085334303417</li>\n",
       "\t<li>4.91365821493462</li>\n",
       "\t<li>5.02451838329119</li>\n",
       "\t<li>5.03326112495315</li>\n",
       "\t<li>4.78420382031247</li>\n",
       "\t<li>5.15689607306813</li>\n",
       "\t<li>4.8049649327052</li>\n",
       "\t<li>5.03715904584835</li>\n",
       "\t<li>5.14203568477671</li>\n",
       "\t<li>5.10599122059105</li>\n",
       "\t<li>5.05131913537734</li>\n",
       "\t<li>5.0795079335794</li>\n",
       "\t<li>4.96657656653</li>\n",
       "\t<li>4.9651211426954</li>\n",
       "\t<li>5.00239633306563</li>\n",
       "\t<li>5.06486509879616</li>\n",
       "\t<li>5.11277106212571</li>\n",
       "\t<li>4.94967382691475</li>\n",
       "\t<li>4.97853967941933</li>\n",
       "\t<li>5.0029380060722</li>\n",
       "\t<li>5.02492688478919</li>\n",
       "\t<li>5.0328021988396</li>\n",
       "\t<li>5.09142348615401</li>\n",
       "\t<li>5.01953591775347</li>\n",
       "\t<li>5.05307347961314</li>\n",
       "\t<li>4.99364376967545</li>\n",
       "\t<li>4.95597177105735</li>\n",
       "\t<li>5.09737747818803</li>\n",
       "\t<li>5.02525063167656</li>\n",
       "\t<li>4.77349153996845</li>\n",
       "\t<li>5.06343033816252</li>\n",
       "\t<li>5.02032852760544</li>\n",
       "\t<li>4.98789957006013</li>\n",
       "\t<li>5.13689774654534</li>\n",
       "\t<li>5.16943275259456</li>\n",
       "\t<li>4.73127147339517</li>\n",
       "\t<li>4.91263014498436</li>\n",
       "\t<li>5.04216512194392</li>\n",
       "\t<li>4.91237129063388</li>\n",
       "\t<li>5.11526882444124</li>\n",
       "\t<li>4.97890897630256</li>\n",
       "\t<li>5.12513636306208</li>\n",
       "\t<li>4.95777907067399</li>\n",
       "\t<li>5.01721591877764</li>\n",
       "\t<li>5.0235410325244</li>\n",
